1 "1"
2 "2"
3 "3"
4 "4"
5 "5"
6 "6"
7 "7"
8 "8"
9 "9"
10 "10"
11 "11"
12 "12"
13 "13"
14 "14"
15 "15"
16 "16"
17 "17"
18 "18"
19 "19"
20 "20"
21 "21"
22 "22"
23 "23"
24 "24"
25 "25"
26 "26"
27 "27"
28 "28"
29 "29"
30 "30"
31 "31"
32 "32"
33 "33"
34 "34"
35 "35"
36 "36"
37 "37"
38 "38"
39 "39"
40 "40"
41 "41"
42 "42"
43 "43"
44 "44"
45 "45"
46 "46"
47 "47"
48 "48"
49 "49"
50 "50"
51 "51"
52 "52"
53 "53"
54 "54"
55 "55"
56 "56"
57 "57"
58 "58"
59 "59"
60 "60"
61 "61"
62 "62"
*Edges
9 4
10 6
11 1
11 3
14 6
14 7
14 10
15 1
15 4
17 15
18 2
18 7
18 10
18 14
19 16
20 1
20 8
21 9
21 17
21 19
23 18
25 15
25 16
25 19
26 18
27 2
27 26
28 2
28 8
28 18
28 26
28 27
29 2
29 9
29 21
30 11
30 19
30 22
30 25
31 8
31 20
31 29
32 18
33 10
33 14
34 13
34 15
34 17
34 22
35 15
35 34
36 30
37 2
37 21
37 24
38 9
38 15
38 17
38 22
38 34
38 35
38 37
39 15
39 17
39 21
39 34
40 37
41 1
41 8
41 15
41 16
41 34
41 37
41 38
42 2
42 10
42 14
43 1
43 3
43 11
43 31
44 15
44 30
44 34
44 38
44 39
45 3
45 21
45 35
45 39
46 9
46 16
46 19
46 22
46 24
46 25
46 30
46 38
46 44
48 1
48 11
48 21
48 29
48 31
48 43
50 35
50 47
51 15
51 17
51 21
51 34
51 43
52 19
52 5
52 12
52 22
52 24
52 25
52 30
52 46
52 51
53 15
53 30
53 39
53 39
53 41
54 44
55 2
55 7
55 8
55 14
55 20
55 42
56 6
57 6
57 7
58 6
58 7
58 10
58 14
58 18
58 40
58 42
58 49
58 55
59 39
60 4
60 9
60 16
60 37
60 46
61 33
62 3
62 38
62 54


